300 300
8 58 94 73 78 89 77 109 90 106 111 91 117 69 117 58 96
9 150 73 127 87 124 100 125 110 142 112 162 114 182 88 170 74 154 74
3 115 145 145 148 120 111
5 94 89 94 97 102 97 101 90 96 89
5 139 87 148 88 147 97 138 97 138 89
6 64 160 90 175 117 181 143 173 178 152 181 139
5 84 181 96 184 113 187 127 187 143 180
5 55 81 60 72 66 71 87 63 93 63
4 141 62 151 62 166 64 178 75
21 34 118 29 143 29 161 39 182 58 199 91 205 124 204 157 190 189 175 204 163 214 137 204 120 202 103 203 68 184 43 145 34 103 31 58 48 39 73 30 108 35 118
3 62 165 63 154 71 151
2 177 137 185 141
