COLOR 0 0 0
TRIANGLE 19 8 28 13 42 11
TRIANGLE 2 25 14 18 19 8
TRIANGLE 2 25 12 27 14 40
TRIANGLE 43 11 35 17 37 22
TRIANGLE 15 40 24 25 36 24
TRIANGLE 76 15 71 22 63 25
TRIANGLE 76 15 87 20 102 19
TRIANGLE 102 19 94 25 100 30
TRIANGLE 100 30 83 28 79 31
TRIANGLE 79 31 63 25 66 31
TRIANGLE 111 0 112 7 120 0
TRIANGLE 153 0 168 2 172 15
TRIANGLE 172 15 181 0 180 8
TRIANGLE 218 0 213 6 214 2
TRIANGLE 213 6 226 6 231 20
TRIANGLE 231 20 238 6 256 3
TRIANGLE 256 3 255 0 255 0
TRIANGLE 136 27 145 33 163 32
TRIANGLE 163 32 153 39 160 44
TRIANGLE 160 44 141 42 129 46
TRIANGLE 129 46 128 39 114 36
TRIANGLE 114 36 130 34 136 27
TRIANGLE 124 61 109 73 96 66
TRIANGLE 96 66 101 84 93 97
TRIANGLE 93 97 106 96 114 112
TRIANGLE 114 112 117 94 130 92
TRIANGLE 130 92 120 80 124 61
TRIANGLE 0 67 9 73 16 64
TRIANGLE 16 64 17 78 25 88
TRIANGLE 25 88 13 91 0 105
TRIANGLE 0 98 1 95 0 93
TRIANGLE 0 82 1 80 0 68
TRIANGLE 155 90 157 86 156 69
TRIANGLE 156 69 167 77 185 68
TRIANGLE 185 68 178 84 189 95
TRIANGLE 189 95 173 97 170 103
TRIANGLE 197 39 209 47 215 46
TRIANGLE 197 39 196 48 177 49
TRIANGLE 177 49 193 54 195 60
TRIANGLE 195 60 209 57 221 60
TRIANGLE 261 64 262 62 263 49
TRIANGLE 263 49 277 57 294 50
TRIANGLE 294 50 287 64 297 75
TRIANGLE 297 75 276 72 276 72
TRIANGLE 261 64 265 68 276 72
TRIANGLE 284 0 275 9 275 9
TRIANGLE 275 9 288 10 295 27
TRIANGLE 295 27 299 17 299 17
TRIANGLE 114 137 108 153 116 163
TRIANGLE 116 163 100 164 86 176
TRIANGLE 86 176 85 164 69 163
TRIANGLE 69 163 84 153 86 137
TRIANGLE 86 137 97 145 114 137
TRIANGLE 0 173 11 173 11 173
TRIANGLE 11 173 0 182 0 182
TRIANGLE 0 185 5 192 5 192
TRIANGLE 5 192 0 193 0 193
TRIANGLE 34 88 36 85 32 86
TRIANGLE 32 86 41 77 41 84
TRIANGLE 77 62 72 88 91 95
TRIANGLE 76 63 74 71 74 71
TRIANGLE 74 71 63 85 63 85
TRIANGLE 63 85 59 88 59 88
TRIANGLE 59 88 51 89 51 89
TRIANGLE 51 89 45 86 45 86
TRIANGLE 45 86 42 82 42 84
TRIANGLE 74 71 77 72 77 72
TRIANGLE 77 72 75 80 75 80
TRIANGLE 75 80 72 86 72 86
TRIANGLE 72 86 66 94 66 94
TRIANGLE 66 94 60 105 60 105
TRIANGLE 60 105 56 112 56 112
TRIANGLE 56 112 52 105 52 105
TRIANGLE 52 105 46 104 46 104
TRIANGLE 46 104 45 100 45 100
TRIANGLE 45 100 42 97 42 97
TRIANGLE 42 97 41 94 41 94
TRIANGLE 41 94 46 87 46 87
TRIANGLE 44 89 41 84 41 84
TRIANGLE 41 76 48 85 48 85
TRIANGLE 48 85 50 87 50 87
TRIANGLE 50 87 57 87 57 87
TRIANGLE 57 87 61 85 61 85
TRIANGLE 61 85 68 76 68 76
TRIANGLE 68 76 74 67 74 67
TRIANGLE 73 51 73 60 73 60
TRIANGLE 73 60 71 60 71 60
TRIANGLE 71 60 71 42 71 42
TRIANGLE 71 42 63 42 63 42
TRIANGLE 63 42 61 39 61 39
TRIANGLE 61 39 61 36 61 36
TRIANGLE 61 36 58 36 58 36
TRIANGLE 58 36 55 35 55 35
TRIANGLE 55 35 52 34 52 34
TRIANGLE 52 34 49 36 49 36
TRIANGLE 49 36 47 39 47 39
TRIANGLE 47 39 43 40 43 40
TRIANGLE 43 40 39 42 39 42
TRIANGLE 39 42 38 44 38 44
TRIANGLE 38 44 35 46 35 46
TRIANGLE 35 46 34 52 34 52
TRIANGLE 34 52 36 56 36 56
TRIANGLE 36 56 37 58 37 58
TRIANGLE 37 58 36 61 36 61
TRIANGLE 36 61 39 66 39 66
TRIANGLE 39 66 40 75 40 75
TRIANGLE 36 55 41 55 41 55
TRIANGLE 41 55 48 59 48 59
TRIANGLE 48 59 47 66 47 66
TRIANGLE 47 66 47 72 47 72
TRIANGLE 47 72 48 73 48 73
TRIANGLE 48 73 50 74 50 74
TRIANGLE 50 74 52 74 52 74
TRIANGLE 52 74 54 72 54 72
TRIANGLE 54 72 56 71 56 71
TRIANGLE 56 71 55 67 55 67
TRIANGLE 55 67 63 73 63 73
TRIANGLE 38 57 41 57 41 57
TRIANGLE 41 57 47 59 47 59
TRIANGLE 47 59 41 58 41 58
TRIANGLE 41 58 39 59 39 59
TRIANGLE 39 59 36 58 36 58
TRIANGLE 39 59 41 62 41 62
TRIANGLE 53 57 56 58 56 58
TRIANGLE 56 58 60 54 60 54
TRIANGLE 60 54 55 54 55 54
TRIANGLE 55 54 52 57 52 57
TRIANGLE 59 55 63 55 63 55
TRIANGLE 54 57 58 55 58 55
TRIANGLE 54 56 57 56 57 56
TRIANGLE 65 59 58 57 58 57
TRIANGLE 58 57 59 58 59 58 
TRIANGLE 59 58 61 57 61 57
TRIANGLE 44 75 48 76 48 76
TRIANGLE 48 76 53 77 53 77
TRIANGLE 53 77 60 75 60 75
TRIANGLE 34 42 37 35 37 35
TRIANGLE 37 35 40 32 40 32
TRIANGLE 40 32 48 29 48 29
TRIANGLE 48 29 53 28 53 28
TRIANGLE 53 28 61 30 61 30
TRIANGLE 61 30 71 36 71 36
TRIANGLE 71 36 76 42 76 42
TRIANGLE 76 42 79 49 79 49
TRIANGLE 79 49 76 48 76 48
TRIANGLE 76 48 73 50 73 50
TRIANGLE 78 48 81 52 81 52
TRIANGLE 81 52 80 56 80 56
TRIANGLE 80 56 77 61 77 61
TRIANGLE 77 61 74 63 74 63
TRIANGLE 0 241 6 232 6 232
TRIANGLE 6 232 10 222 10 222
TRIANGLE 10 222 17 209 17 209
TRIANGLE 17 209 26 199 26 199
TRIANGLE 26 199 38 191 38 191
TRIANGLE 38 191 48 188 48 188
TRIANGLE 48 188 58 186 58 186
TRIANGLE 58 186 84 186 84 186
TRIANGLE 69 200 72 193 72 193
TRIANGLE 72 193 79 189 79 189
TRIANGLE 79 189 89 187 89 187
TRIANGLE 89 187 126 188 126 188
TRIANGLE 126 188 187 191 187 191
TRIANGLE 187 191 203 194 203 194
TRIANGLE 203 194 215 195 215 195
TRIANGLE 215 195 220 198 220 198
TRIANGLE 220 198 225 202 255 202
TRIANGLE 255 202 233 208 233 208
TRIANGLE 126 188 128 185 128 185
TRIANGLE 128 185 129 181 129 181
TRIANGLE 129 181 130 176 130 176
TRIANGLE 130 176 130 171 130 171
TRIANGLE 130 171 131 168 131 168
TRIANGLE 131 168 127 168 127 168
TRIANGLE 127 168 124 168 124 168
TRIANGLE 124 168 121 170 121 170
TRIANGLE 121 170 121 171 121 171
TRIANGLE 121 171 114 175 114 175
TRIANGLE 114 175 127 186 127 186
TRIANGLE 114 175 106 177 106 177
TRIANGLE 106 177 105 178 124 189
TRIANGLE 105 178 105 179 124 189
TRIANGLE 104 179 105 177 124 189
TRIANGLE 105 180 101 181 101 181
TRIANGLE 101 181 91 182 91 182
TRIANGLE 91 182 83 187 83 187
TRIANGLE 175 174 186 192 186 192
TRIANGLE 186 192 179 174 179 174
TRIANGLE 175 174 179 174 179 174
TRIANGLE 179 174 186 179 186 179
TRIANGLE 186 179 191 183 191 183
TRIANGLE 191 183 194 185 194 185
TRIANGLE 194 185 199 185 199 185
TRIANGLE 199 185 206 190 206 190
TRIANGLE 206 190 215 191 215 191
TRIANGLE 215 191 222 198 222 198
TRIANGLE 176 178 175 164 175 164
TRIANGLE 175 164 168 177 168 177
TRIANGLE 168 177 163 183 163 183
TRIANGLE 163 183 158 185 158 185
TRIANGLE 158 185 154 182 154 182
TRIANGLE 154 182 150 175 150 175
TRIANGLE 150 175 144 168 144 168
TRIANGLE 144 168 140 165 140 165
TRIANGLE 140 165 138 165 138 165
TRIANGLE 138 165 136 167 136 167
TRIANGLE 136 167 133 171 133 171
TRIANGLE 133 171 133 178 133 178
TRIANGLE 133 178 132 176 132 176
TRIANGLE 132 176 131 176 131 176
TRIANGLE 131 176 129 176 129 176
TRIANGLE 175 165 175 154 175 154
TRIANGLE 175 154 180 147 180 147
TRIANGLE 180 147 176 145 176 145
TRIANGLE 176 145 171 144 171 144
TRIANGLE 171 144 159 144 159 144
TRIANGLE 159 144 156 144 156 144
TRIANGLE 156 144 153 146 153 146
TRIANGLE 153 146 151 145 151 145
TRIANGLE 151 145 149 144 149 144
TRIANGLE 149 144 150 141 150 141
TRIANGLE 150 141 150 136 150 136
TRIANGLE 150 136 149 138 149 138
TRIANGLE 149 138 164 141 164 141
TRIANGLE 164 141 142 139 142 139
TRIANGLE 142 139 146 132 146 132
TRIANGLE 146 132 145 129 145 129
TRIANGLE 145 129 142 126 142 126
TRIANGLE 142 126 139 125 139 125
TRIANGLE 139 125 136 124 136 124
TRIANGLE 136 124 139 122 139 122
TRIANGLE 139 122 146 117 146 117
TRIANGLE 146 117 149 114 149 114
TRIANGLE 149 114 152 114 152 114
TRIANGLE 152 114 154 116 154 116
TRIANGLE 154 116 154 117 154 117
TRIANGLE 154 117 157 117 157 117
TRIANGLE 157 117 159 115 159 115
TRIANGLE 159 115 158 112 158 112
TRIANGLE 158 112 154 111 154 111
TRIANGLE 154 111 149 110 149 110
TRIANGLE 149 110 143 113 143 113
TRIANGLE 143 113 142 111 142 111
TRIANGLE 142 111 145 108 145 108
TRIANGLE 145 108 145 103 145 103
TRIANGLE 145 103 147 102 147 102
TRIANGLE 147 102 150 101 150 101
TRIANGLE 150 101 153 100 153 100
TRIANGLE 153 100 153 102 153 102
TRIANGLE 153 102 152 104 152 104
TRIANGLE 152 104 150 105 150 105
TRIANGLE 150 105 147 101 147 101
TRIANGLE 157 100 162 102 162 102
TRIANGLE 162 102 167 104 167 104
TRIANGLE 167 104 174 112 174 112
TRIANGLE 174 112 175 123 175 123
TRIANGLE 175 123 173 121 173 121
TRIANGLE 173 121 172 118 172 118
TRIANGLE 172 118 170 117 170 117
TRIANGLE 170 117 168 117 168 117
TRIANGLE 168 117 170 120 170 120
TRIANGLE 170 120 165 114 165 114
TRIANGLE 165 114 167 111 167 111
TRIANGLE 167 111 174 114 174 114
TRIANGLE 178 127 180 147 180 147
TRIANGLE 180 147 176 146 176 146
TRIANGLE 176 146 178 128 178 128
TRIANGLE 169 126 165 124 165 124
TRIANGLE 165 124 162 127 162 127
TRIANGLE 162 127 162 123 162 123
TRIANGLE 162 123 164 120 164 120 
TRIANGLE 164 120 166 120 166 120
TRIANGLE 166 120 168 121 168 121
TRIANGLE 168 121 169 126 169 126
TRIANGLE 159 115 163 119 163 119
TRIANGLE 163 119 160 124 160 124
TRIANGLE 131 167 132 147 132 147
TRIANGLE 132 147 126 147 126 147
TRIANGLE 126 147 124 142 124 142
TRIANGLE 124 142 126 139 126 139
TRIANGLE 126 139 129 142 129 142
TRIANGLE 129 142 134 145 134 145
TRIANGLE 134 145 129 146 129 146
TRIANGLE 129 146 126 146 126 146
TRIANGLE 126 139 127 124 127 124
TRIANGLE 127 124 132 109 132 109
TRIANGLE 132 109 146 100 146 100
TRIANGLE 146 100 155 98 155 98
TRIANGLE 155 98 163 102 163 102
TRIANGLE 180 142 195 120 195 120
TRIANGLE 195 120 209 104 209 104
TRIANGLE 209 104 216 97 216 97
TRIANGLE 188 202 186 207 180 202
TRIANGLE 126 196 112 213 112 213
TRIANGLE 112 213 167 278 167 278
TRIANGLE 167 278 213 220 213 220
TRIANGLE 213 220 193 200 193 200
TRIANGLE 193 200 126 196 126 196
TRIANGLE 126 196 112 213 112 213
TRIANGLE 196 208 205 217 205 217
TRIANGLE 205 217 200 228 200 228
TRIANGLE 200 228 186 215 186 215
TRIANGLE 186 215 180 208 180 208
TRIANGLE 180 208 173 205 173 205
TRIANGLE 130 200 120 212 120 212
TRIANGLE 120 212 129 220 129 220
TRIANGLE 129 220 130 211 130 211
TRIANGLE 130 211 133 205 133 205
TRIANGLE 133 205 137 201 137 201
TRIANGLE 137 201 130 201 130 201
TRIANGLE 194 215 186 214 186 214
TRIANGLE 138 229 146 240 146 240
TRIANGLE 146 240 152 239 152 239
TRIANGLE 152 239 157 241 157 241
TRIANGLE 157 241 169 249 169 249
TRIANGLE 169 249 175 251 175 251
TRIANGLE 175 251 181 251 181 251
TRIANGLE 181 251 188 247 188 247
TRIANGLE 188 247 191 241 191 241
TRIANGLE 191 241 192 237 192 237
TRIANGLE 192 237 189 234 189 234
TRIANGLE 189 234 183 233 183 233
TRIANGLE 183 233 176 235 176 235
TRIANGLE 176 235 169 236 169 236
TRIANGLE 169 236 158 234 158 234
TRIANGLE 158 234 147 229 147 229
TRIANGLE 147 229 141 228 141 228
TRIANGLE 141 228 137 228 137 228
TRIANGLE 173 205 168 203 168 203
TRIANGLE 168 203 157 202 157 202
TRIANGLE 157 202 148 203 148 203
TRIANGLE 148 203 144 207 144 207
TRIANGLE 144 207 142 209 142 209
TRIANGLE 142 209 145 212 145 212
TRIANGLE 145 212 152 217 152 217
TRIANGLE 152 217 161 219 161 219
TRIANGLE 161 219 177 219 177 219
TRIANGLE 177 219 188 220 188 220
TRIANGLE 188 220 194 223 194 223
TRIANGLE 194 223 198 227 198 227
TRIANGLE 196 208 194 214 194 214
TRIANGLE 299 87 283 84 283 84
TRIANGLE 283 84 269 82 269 82
TRIANGLE 158 259 167 269 167 269
TRIANGLE 167 269 177 260 177 260
TRIANGLE 177 260 172 261 172 261
TRIANGLE 172 261 168 262 168 262
TRIANGLE 168 262 162 261 162 261
TRIANGLE 162 261 158 259 158 259
TRIANGLE 278 73 256 66 256 66
TRIANGLE 256 66 251 53 251 53
TRIANGLE 251 53 247 61 247 61
TRIANGLE 247 61 241 66 241 66
TRIANGLE 241 66 236 67 236 67
TRIANGLE 236 67 230 66 230 66
TRIANGLE 230 66 224 60 224 60
TRIANGLE 224 60 222 70 222 70
TRIANGLE 222 70 200 81 200 81
TRIANGLE 200 81 196 85 196 85
TRIANGLE 241 55 235 54 235 54
TRIANGLE 224 59 220 53 220 53
TRIANGLE 220 53 219 47 219 47
TRIANGLE 219 47 221 33 221 33
TRIANGLE 221 33 225 27 225 27
TRIANGLE 225 27 229 26 229 26
TRIANGLE 229 26 232 23 232 23
TRIANGLE 232 23 237 23 237 23
TRIANGLE 237 23 240 23 240 23
TRIANGLE 240 23 246 27 246 27
TRIANGLE 246 27 250 40 250 40
TRIANGLE 250 40 251 52 251 52
TRIANGLE 220 53 216 52 216 52
TRIANGLE 216 52 216 46 216 46
TRIANGLE 216 46 214 43 214 43
TRIANGLE 214 43 216 35 216 35
TRIANGLE 216 35 216 29 216 29
TRIANGLE 216 29 220 24 220 24
TRIANGLE 220 24 225 21 225 21
TRIANGLE 225 21 230 19 230 19
TRIANGLE 230 19 241 19 241 19
TRIANGLE 241 19 249 23 249 23
TRIANGLE 249 23 256 31 256 31
TRIANGLE 256 31 257 41 257 41
TRIANGLE 257 41 254 49 254 49
TRIANGLE 254 49 252 52 252 52
TRIANGLE 220 101 224 96 224 96
TRIANGLE 224 96 250 93 250 93
TRIANGLE 250 93 256 98 256 98
TRIANGLE 256 98 255 101 255 101
TRIANGLE 249 94 246 98 246 98
TRIANGLE 243 94 246 98 246 98
TRIANGLE 229 96 225 101 225 101
TRIANGLE 246 38 243 36 243 36
TRIANGLE 243 36 237 36 237 36
TRIANGLE 237 36 238 39 238 39
TRIANGLE 237 48 231 48 231 48
TRIANGLE 231 48 233 43 233 43
TRIANGLE 233 43 233 37 233 37
TRIANGLE 233 37 226 37 226 37
TRIANGLE 226 37 223 41 223 41
TRIANGLE 245 40 242 40 242 40
TRIANGLE 242 40 242 38 242 38
TRIANGLE 228 41 228 40 228 40
TRIANGLE 246 61 241 63 241 63
TRIANGLE 241 63 233 64 233 64
TRIANGLE 233 64 227 56 227 56
TRIANGLE 227 56 222 46 222 46
TRIANGLE 222 46 223 59 223 59
TRIANGLE 235 57 239 57 239 57
TRIANGLE 239 57 241 54 241 54
TRIANGLE 244 36 243 40 243 40
TRIANGLE 243 40 241 38 241 38
TRIANGLE 24 132 23 143 5 150
TRIANGLE 5 150 21 153 20 161
TRIANGLE 20 161 34 154 54 153
TRIANGLE 54 153 45 145 52 133
TRIANGLE 52 133 37 138 24 132
TRIANGLE 299 115 285 124 285 124
TRIANGLE 285 124 272 135 272 135
TRIANGLE 272 135 253 160 253 160
TRIANGLE 253 160 238 176 238 176
TRIANGLE 238 176 219 192 219 192
TRIANGLE 299 214 246 246 246 246
TRIANGLE 77 235 67 251 67 251
TRIANGLE 122 277 114 288 114 288
TRIANGLE 114 288 106 301 106 301
TRIANGLE 106 301 92 322 92 322
TRIANGLE 92 322 84 330 84 330
TRIANGLE 156 134 164 131 164 131
TRIANGLE 164 131 170 131 170 131
TRIANGLE 170 131 175 136 175 136
TRIANGLE 164 136 171 136 171 136
TRIANGLE 36 362 17 371 17 371
TRIANGLE 17 371 0 379 17 371
TRIANGLE 0 312 17 301 0 312
TRIANGLE 17 301 30 291 30 291
TRIANGLE 90 322 74 313 74 313
TRIANGLE 41 315 23 329 23 329
TRIANGLE 41 316 59 365 59 365
TRIANGLE 75 314 74 325 74 325
TRIANGLE 74 325 63 363 63 363
TRIANGLE 60 329 73 313 73 313
TRIANGLE 58 330 44 322 44 322
TRIANGLE 44 322 46 334 46 334
TRIANGLE 46 334 54 342 54 342
TRIANGLE 54 342 55 334 55 334
TRIANGLE 55 334 58 330 58 330
TRIANGLE 60 329 66 336 66 336
TRIANGLE 66 336 67 342 67 342
TRIANGLE 60 338 62 335 62 335
TRIANGLE 60 338 57 336 57 336
TRIANGLE 60 338 66 350 66 350
TRIANGLE 60 338 52 352 52 352
TRIANGLE 73 312 67 319 67 319
TRIANGLE 67 319 57 319 57 319
TRIANGLE 57 319 48 307 48 307
TRIANGLE 40 315 41 310 41 310
TRIANGLE 41 310 38 302 38 302
TRIANGLE 38 302 35 297 35 297
TRIANGLE 35 297 34 292 34 292
TRIANGLE 34 292 24 286 24 286
TRIANGLE 24 286 88 271 88 271
TRIANGLE 88 271 79 283 79 283
TRIANGLE 79 283 78 279 78 279
TRIANGLE 78 279 77 295 77 295
TRIANGLE 78 279 33 292 33 292
TRIANGLE 43 294 52 291 52 291
TRIANGLE 52 291 58 292 58 292
TRIANGLE 58 292 60 289 60 289
TRIANGLE 60 289 62 289 62 289
TRIANGLE 64 290 69 288 69 288
TRIANGLE 69 288 69 290 69 290
TRIANGLE 74 293 69 288 69 288
TRIANGLE 58 291 58 299 58 299
TRIANGLE 58 299 61 302 61 302
TRIANGLE 61 302 62 302 62 302
TRIANGLE 62 302 63 301 63 301
TRIANGLE 56 296 53 299 53 299
TRIANGLE 53 299 48 300 48 300
TRIANGLE 48 300 47 305 47 305
TRIANGLE 44 299 48 300 48 300
TRIANGLE 44 299 43 295 43 295
TRIANGLE 53 306 55 308 55 308
TRIANGLE 55 308 66 308 66 308
TRIANGLE 57 311 60 312 60 312
TRIANGLE 60 312 63 311 63 311
TRIANGLE 63 290 64 293 64 293
TRIANGLE 64 293 67 298 67 298
TRIANGLE 67 298 73 299 73 299
TRIANGLE 73 299 77 295 77 295
TRIANGLE 77 295 77 291 77 291
TRIANGLE 77 291 79 291 79 291
TRIANGLE 79 291 79 298 79 298
TRIANGLE 79 298 76 302 76 302
TRIANGLE 76 302 75 308 75 308
TRIANGLE 78 271 69 255 69 255
TRIANGLE 69 255 63 248 63 248
TRIANGLE 63 248 61 248 61 248
TRIANGLE 61 248 59 251 59 251
TRIANGLE 59 251 56 251 56 251
TRIANGLE 56 251 54 250 54 250
TRIANGLE 54 250 48 250 48 250
TRIANGLE 48 250 42 251 42 251
TRIANGLE 42 251 39 254 39 254
TRIANGLE 39 254 36 257 36 257
TRIANGLE 36 257 34 261 34 261
TRIANGLE 34 261 34 281 34 281
TRIANGLE 72 307 69 313 69 313
TRIANGLE 51 293 48 293 48 293
TRIANGLE 51 293 51 291 51 291
TRIANGLE 74 267 58 269 58 269
TRIANGLE 34 274 58 269 58 269
TRIANGLE 59 251 57 255 57 255
TRIANGLE 213 387 227 370 227 370
TRIANGLE 118 387 131 378 131 378
TRIANGLE 131 378 139 370 139 370
TRIANGLE 139 370 154 349 154 349
TRIANGLE 154 349 166 329 166 329
TRIANGLE 166 329 171 323 171 323
TRIANGLE 171 323 182 314 182 314
TRIANGLE 182 314 197 305 197 305
TRIANGLE 197 305 213 300 213 300
TRIANGLE 213 300 219 299 219 299
TRIANGLE 299 349 281 349 281 349
TRIANGLE 299 292 287 296 287 296
TRIANGLE 287 296 274 299 274 299
TRIANGLE 220 297 222 286 222 286
TRIANGLE 222 286 229 272 229 272
TRIANGLE 229 272 236 265 236 265
TRIANGLE 236 265 245 261 245 261
TRIANGLE 245 261 253 261 253 261
TRIANGLE 253 261 261 264 261 264
TRIANGLE 261 264 271 278 271 278
TRIANGLE 271 278 273 287 273 287
TRIANGLE 273 287 272 298 272 298
TRIANGLE 272 298 274 302 274 302
TRIANGLE 274 302 275 309 275 309
TRIANGLE 220 302 221 309 221 309
TRIANGLE 224 314 222 325 222 325
TRIANGLE 222 325 215 330 215 330
TRIANGLE 215 330 212 336 212 336
TRIANGLE 278 314 279 330 279 330
TRIANGLE 267 290 269 294 266 294
TRIANGLE 269 296 271 301 271 301
TRIANGLE 271 301 269 310 269 310
TRIANGLE 269 310 265 316 265 316
TRIANGLE 269 310 267 319 267 319
TRIANGLE 267 319 256 331 256 331
TRIANGLE 256 331 249 331 249 331
TRIANGLE 249 331 236 319 236 319
TRIANGLE 238 330 221 345 221 345
TRIANGLE 262 328 275 344 275 344
TRIANGLE 247 319 259 319 259 319
TRIANGLE 259 319 254 322 254 322
TRIANGLE 254 322 249 320 249 320
TRIANGLE 251 313 255 315 255 315
TRIANGLE 255 315 258 313 258 313
TRIANGLE 225 302 230 309 224 305
TRIANGLE 238 320 238 315 238 315
TRIANGLE 238 315 232 303 232 303
TRIANGLE 232 303 233 299 233 299
TRIANGLE 233 299 238 299 238 299
TRIANGLE 238 299 240 294 240 294
TRIANGLE 240 294 242 296 242 296
TRIANGLE 242 296 246 296 246 296
TRIANGLE 246 296 249 282 249 282
TRIANGLE 249 282 255 283 255 283
TRIANGLE 255 283 252 284 252 284
TRIANGLE 252 284 250 294 250 294
TRIANGLE 250 294 269 296 269 296
TRIANGLE 220 297 221 306 221 306
TRIANGLE 223 311 223 319 223 319
TRIANGLE 238 330 247 338 247 338
TRIANGLE 247 338 252 338 252 338
TRIANGLE 252 338 262 328 262 328
TRIANGLE 238 330 237 319 237 319
TRIANGLE 263 328 264 323 264 323
TRIANGLE 242 319 236 312 236 312
TRIANGLE 244 301 244 300 244 300
TRIANGLE 262 300 262 299 262 299
TRIANGLE 252 300 243 295 243 295
TRIANGLE 258 299 262 295 262 295
TRIANGLE 251 299 244 299 244 299
TRIANGLE 244 299 239 300 239 300
TRIANGLE 243 303 240 300 240 300
TRIANGLE 262 298 257 300 257 300
TRIANGLE 267 299 262 298 262 298
TRIANGLE 263 303 267 299 267 299
TRIANGLE 253 307 250 313 250 313
TRIANGLE 257 307 259 312 259 312
TRIANGLE 234 337 248 350 248 350
TRIANGLE 248 350 264 335 264 335
TRIANGLE 273 320 275 330 272 327

