400 400
3 19 8 28 13 42 11
3 2 25 14 18 19 8
3 2 25 12 27 14 40
3 43 11 35 17 37 22
3 15 40 24 25 36 24
3 76 15 71 22 63 25
3 76 15 87 20 102 19
3 102 19 94 25 100 30
3 100 30 83 28 79 31
3 79 31 63 25 66 31
3 111 0 112 7 120 0
3 153 0 168 2 172 15
3 172 15 181 0 180 8
3 218 0 213 6 214 2
3 213 6 226 6 231 20
3 231 20 238 6 256 3
3 256 3 255 0 255 0
3 136 27 145 33 163 32
3 163 32 153 39 160 44
3 160 44 141 42 129 46
3 129 46 128 39 114 36
3 114 36 130 34 136 27
3 124 61 109 73 96 66
3 96 66 101 84 93 97
3 93 97 106 96 114 112
3 114 112 117 94 130 92
3 130 92 120 80 124 61
3 0 67 9 73 16 64
3 16 64 17 78 25 88
3 25 88 13 91 0 105
3 0 98 1 95 0 93
3 0 82 1 80 0 68
3 155 90 157 86 156 69
3 156 69 167 77 185 68
3 185 68 178 84 189 95
3 189 95 173 97 170 103
3 197 39 209 47 215 46
3 197 39 196 48 177 49
3 177 49 193 54 195 60
3 195 60 209 57 221 60
3 261 64 262 62 263 49
3 263 49 277 57 294 50
3 294 50 287 64 297 75
3 297 75 276 72 276 72
3 261 64 265 68 276 72
3 284 0 275 9 275 9
3 275 9 288 10 295 27
3 295 27 299 17 299 17
3 114 137 108 153 116 163
3 116 163 100 164 86 176
3 86 176 85 164 69 163
3 69 163 84 153 86 137
3 86 137 97 145 114 137
3 0 173 11 173 11 173
3 11 173 0 182 0 182
3 0 185 5 192 5 192
3 5 192 0 193 0 193
3 34 88 36 85 32 86
3 32 86 41 77 41 84
3 77 62 72 88 91 95
3 76 63 74 71 74 71
3 74 71 63 85 63 85
3 63 85 59 88 59 88
3 59 88 51 89 51 89
3 51 89 45 86 45 86
3 45 86 42 82 42 84
3 74 71 77 72 77 72
3 77 72 75 80 75 80
3 75 80 72 86 72 86
3 72 86 66 94 66 94
3 66 94 60 105 60 105
3 60 105 56 112 56 112
3 56 112 52 105 52 105
3 52 105 46 104 46 104
3 46 104 45 100 45 100
3 45 100 42 97 42 97
3 42 97 41 94 41 94
3 41 94 46 87 46 87
3 44 89 41 84 41 84
3 41 76 48 85 48 85
3 48 85 50 87 50 87
3 50 87 57 87 57 87
3 57 87 61 85 61 85
3 61 85 68 76 68 76
3 68 76 74 67 74 67
3 73 51 73 60 73 60
3 73 60 71 60 71 60
3 71 60 71 42 71 42
3 71 42 63 42 63 42
3 63 42 61 39 61 39
3 61 39 61 36 61 36
3 61 36 58 36 58 36
3 58 36 55 35 55 35
3 55 35 52 34 52 34
3 52 34 49 36 49 36
3 49 36 47 39 47 39
3 47 39 43 40 43 40
3 43 40 39 42 39 42
3 39 42 38 44 38 44
3 38 44 35 46 35 46
3 35 46 34 52 34 52
3 34 52 36 56 36 56
3 36 56 37 58 37 58
3 37 58 36 61 36 61
3 36 61 39 66 39 66
3 39 66 40 75 40 75
3 36 55 41 55 41 55
3 41 55 48 59 48 59
3 48 59 47 66 47 66
3 47 66 47 72 47 72
3 47 72 48 73 48 73
3 48 73 50 74 50 74
3 50 74 52 74 52 74
3 52 74 54 72 54 72
3 54 72 56 71 56 71
3 56 71 55 67 55 67
3 55 67 63 73 63 73
3 38 57 41 57 41 57
3 41 57 47 59 47 59
3 47 59 41 58 41 58
3 41 58 39 59 39 59
3 39 59 36 58 36 58
3 39 59 41 62 41 62
3 53 57 56 58 56 58
3 56 58 60 54 60 54
3 60 54 55 54 55 54
3 55 54 52 57 52 57
3 59 55 63 55 63 55
3 54 57 58 55 58 55
3 54 56 57 56 57 56
3 65 59 58 57 58 57
3 58 57 59 58 59 58 
3 59 58 61 57 61 57
3 44 75 48 76 48 76
3 48 76 53 77 53 77
3 53 77 60 75 60 75
3 34 42 37 35 37 35
3 37 35 40 32 40 32
3 40 32 48 29 48 29
3 48 29 53 28 53 28
3 53 28 61 30 61 30
3 61 30 71 36 71 36
3 71 36 76 42 76 42
3 76 42 79 49 79 49
3 79 49 76 48 76 48
3 76 48 73 50 73 50
3 78 48 81 52 81 52
3 81 52 80 56 80 56
3 80 56 77 61 77 61
3 77 61 74 63 74 63
3 0 241 6 232 6 232
3 6 232 10 222 10 222
3 10 222 17 209 17 209
3 17 209 26 199 26 199
3 26 199 38 191 38 191
3 38 191 48 188 48 188
3 48 188 58 186 58 186
3 58 186 84 186 84 186
3 69 200 72 193 72 193
3 72 193 79 189 79 189
3 79 189 89 187 89 187
3 89 187 126 188 126 188
3 126 188 187 191 187 191
3 187 191 203 194 203 194
3 203 194 215 195 215 195
3 215 195 220 198 220 198
3 220 198 225 202 255 202
3 255 202 233 208 233 208
3 126 188 128 185 128 185
3 128 185 129 181 129 181
3 129 181 130 176 130 176
3 130 176 130 171 130 171
3 130 171 131 168 131 168
3 131 168 127 168 127 168
3 127 168 124 168 124 168
3 124 168 121 170 121 170
3 121 170 121 171 121 171
3 121 171 114 175 114 175
3 114 175 127 186 127 186
3 114 175 106 177 106 177
3 106 177 105 178 124 189
3 105 178 105 179 124 189
3 104 179 105 177 124 189
3 105 180 101 181 101 181
3 101 181 91 182 91 182
3 91 182 83 187 83 187
3 175 174 186 192 186 192
3 186 192 179 174 179 174
3 175 174 179 174 179 174
3 179 174 186 179 186 179
3 186 179 191 183 191 183
3 191 183 194 185 194 185
3 194 185 199 185 199 185
3 199 185 206 190 206 190
3 206 190 215 191 215 191
3 215 191 222 198 222 198
3 176 178 175 164 175 164
3 175 164 168 177 168 177
3 168 177 163 183 163 183
3 163 183 158 185 158 185
3 158 185 154 182 154 182
3 154 182 150 175 150 175
3 150 175 144 168 144 168
3 144 168 140 165 140 165
3 140 165 138 165 138 165
3 138 165 136 167 136 167
3 136 167 133 171 133 171
3 133 171 133 178 133 178
3 133 178 132 176 132 176
3 132 176 131 176 131 176
3 131 176 129 176 129 176
3 175 165 175 154 175 154
3 175 154 180 147 180 147
3 180 147 176 145 176 145
3 176 145 171 144 171 144
3 171 144 159 144 159 144
3 159 144 156 144 156 144
3 156 144 153 146 153 146
3 153 146 151 145 151 145
3 151 145 149 144 149 144
3 149 144 150 141 150 141
3 150 141 150 136 150 136
3 150 136 149 138 149 138
3 149 138 164 141 164 141
3 164 141 142 139 142 139
3 142 139 146 132 146 132
3 146 132 145 129 145 129
3 145 129 142 126 142 126
3 142 126 139 125 139 125
3 139 125 136 124 136 124
3 136 124 139 122 139 122
3 139 122 146 117 146 117
3 146 117 149 114 149 114
3 149 114 152 114 152 114
3 152 114 154 116 154 116
3 154 116 154 117 154 117
3 154 117 157 117 157 117
3 157 117 159 115 159 115
3 159 115 158 112 158 112
3 158 112 154 111 154 111
3 154 111 149 110 149 110
3 149 110 143 113 143 113
3 143 113 142 111 142 111
3 142 111 145 108 145 108
3 145 108 145 103 145 103
3 145 103 147 102 147 102
3 147 102 150 101 150 101
3 150 101 153 100 153 100
3 153 100 153 102 153 102
3 153 102 152 104 152 104
3 152 104 150 105 150 105
3 150 105 147 101 147 101
3 157 100 162 102 162 102
3 162 102 167 104 167 104
3 167 104 174 112 174 112
3 174 112 175 123 175 123
3 175 123 173 121 173 121
3 173 121 172 118 172 118
3 172 118 170 117 170 117
3 170 117 168 117 168 117
3 168 117 170 120 170 120
3 170 120 165 114 165 114
3 165 114 167 111 167 111
3 167 111 174 114 174 114
3 178 127 180 147 180 147
3 180 147 176 146 176 146
3 176 146 178 128 178 128
3 169 126 165 124 165 124
3 165 124 162 127 162 127
3 162 127 162 123 162 123
3 162 123 164 120 164 120 
3 164 120 166 120 166 120
3 166 120 168 121 168 121
3 168 121 169 126 169 126
3 159 115 163 119 163 119
3 163 119 160 124 160 124
3 131 167 132 147 132 147
3 132 147 126 147 126 147
3 126 147 124 142 124 142
3 124 142 126 139 126 139
3 126 139 129 142 129 142
3 129 142 134 145 134 145
3 134 145 129 146 129 146
3 129 146 126 146 126 146
3 126 139 127 124 127 124
3 127 124 132 109 132 109
3 132 109 146 100 146 100
3 146 100 155 98 155 98
3 155 98 163 102 163 102
3 180 142 195 120 195 120
3 195 120 209 104 209 104
3 209 104 216 97 216 97
3 188 202 186 207 180 202
3 126 196 112 213 112 213
3 112 213 167 278 167 278
3 167 278 213 220 213 220
3 213 220 193 200 193 200
3 193 200 126 196 126 196
3 126 196 112 213 112 213
3 196 208 205 217 205 217
3 205 217 200 228 200 228
3 200 228 186 215 186 215
3 186 215 180 208 180 208
3 180 208 173 205 173 205
3 130 200 120 212 120 212
3 120 212 129 220 129 220
3 129 220 130 211 130 211
3 130 211 133 205 133 205
3 133 205 137 201 137 201
3 137 201 130 201 130 201
3 194 215 186 214 186 214
3 138 229 146 240 146 240
3 146 240 152 239 152 239
3 152 239 157 241 157 241
3 157 241 169 249 169 249
3 169 249 175 251 175 251
3 175 251 181 251 181 251
3 181 251 188 247 188 247
3 188 247 191 241 191 241
3 191 241 192 237 192 237
3 192 237 189 234 189 234
3 189 234 183 233 183 233
3 183 233 176 235 176 235
3 176 235 169 236 169 236
3 169 236 158 234 158 234
3 158 234 147 229 147 229
3 147 229 141 228 141 228
3 141 228 137 228 137 228
3 173 205 168 203 168 203
3 168 203 157 202 157 202
3 157 202 148 203 148 203
3 148 203 144 207 144 207
3 144 207 142 209 142 209
3 142 209 145 212 145 212
3 145 212 152 217 152 217
3 152 217 161 219 161 219
3 161 219 177 219 177 219
3 177 219 188 220 188 220
3 188 220 194 223 194 223
3 194 223 198 227 198 227
3 196 208 194 214 194 214
3 299 87 283 84 283 84
3 283 84 269 82 269 82
3 158 259 167 269 167 269
3 167 269 177 260 177 260
3 177 260 172 261 172 261
3 172 261 168 262 168 262
3 168 262 162 261 162 261
3 162 261 158 259 158 259
3 278 73 256 66 256 66
3 256 66 251 53 251 53
3 251 53 247 61 247 61
3 247 61 241 66 241 66
3 241 66 236 67 236 67
3 236 67 230 66 230 66
3 230 66 224 60 224 60
3 224 60 222 70 222 70
3 222 70 200 81 200 81
3 200 81 196 85 196 85
3 241 55 235 54 235 54
3 224 59 220 53 220 53
3 220 53 219 47 219 47
3 219 47 221 33 221 33
3 221 33 225 27 225 27
3 225 27 229 26 229 26
3 229 26 232 23 232 23
3 232 23 237 23 237 23
3 237 23 240 23 240 23
3 240 23 246 27 246 27
3 246 27 250 40 250 40
3 250 40 251 52 251 52
3 220 53 216 52 216 52
3 216 52 216 46 216 46
3 216 46 214 43 214 43
3 214 43 216 35 216 35
3 216 35 216 29 216 29
3 216 29 220 24 220 24
3 220 24 225 21 225 21
3 225 21 230 19 230 19
3 230 19 241 19 241 19
3 241 19 249 23 249 23
3 249 23 256 31 256 31
3 256 31 257 41 257 41
3 257 41 254 49 254 49
3 254 49 252 52 252 52
3 220 101 224 96 224 96
3 224 96 250 93 250 93
3 250 93 256 98 256 98
3 256 98 255 101 255 101
3 249 94 246 98 246 98
3 243 94 246 98 246 98
3 229 96 225 101 225 101
3 246 38 243 36 243 36
3 243 36 237 36 237 36
3 237 36 238 39 238 39
3 237 48 231 48 231 48
3 231 48 233 43 233 43
3 233 43 233 37 233 37
3 233 37 226 37 226 37
3 226 37 223 41 223 41
3 245 40 242 40 242 40
3 242 40 242 38 242 38
3 228 41 228 40 228 40
3 246 61 241 63 241 63
3 241 63 233 64 233 64
3 233 64 227 56 227 56
3 227 56 222 46 222 46
3 222 46 223 59 223 59
3 235 57 239 57 239 57
3 239 57 241 54 241 54
3 244 36 243 40 243 40
3 243 40 241 38 241 38
3 24 132 23 143 5 150
3 5 150 21 153 20 161
3 20 161 34 154 54 153
3 54 153 45 145 52 133
3 52 133 37 138 24 132
3 299 115 285 124 285 124
3 285 124 272 135 272 135
3 272 135 253 160 253 160
3 253 160 238 176 238 176
3 238 176 219 192 219 192
3 299 214 246 246 246 246
3 77 235 67 251 67 251
3 122 277 114 288 114 288
3 114 288 106 301 106 301
3 106 301 92 322 92 322
3 92 322 84 330 84 330
3 156 134 164 131 164 131
3 164 131 170 131 170 131
3 170 131 175 136 175 136
3 164 136 171 136 171 136
3 36 362 17 371 17 371
3 17 371 0 379 17 371
3 0 312 17 301 0 312
3 17 301 30 291 30 291
3 90 322 74 313 74 313
3 41 315 23 329 23 329
3 41 316 59 365 59 365
3 75 314 74 325 74 325
3 74 325 63 363 63 363
3 60 329 73 313 73 313
3 58 330 44 322 44 322
3 44 322 46 334 46 334
3 46 334 54 342 54 342
3 54 342 55 334 55 334
3 55 334 58 330 58 330
3 60 329 66 336 66 336
3 66 336 67 342 67 342
3 60 338 62 335 62 335
3 60 338 57 336 57 336
3 60 338 66 350 66 350
3 60 338 52 352 52 352
3 73 312 67 319 67 319
3 67 319 57 319 57 319
3 57 319 48 307 48 307
3 40 315 41 310 41 310
3 41 310 38 302 38 302
3 38 302 35 297 35 297
3 35 297 34 292 34 292
3 34 292 24 286 24 286
3 24 286 88 271 88 271
3 88 271 79 283 79 283
3 79 283 78 279 78 279
3 78 279 77 295 77 295
3 78 279 33 292 33 292
3 43 294 52 291 52 291
3 52 291 58 292 58 292
3 58 292 60 289 60 289
3 60 289 62 289 62 289
3 64 290 69 288 69 288
3 69 288 69 290 69 290
3 74 293 69 288 69 288
3 58 291 58 299 58 299
3 58 299 61 302 61 302
3 61 302 62 302 62 302
3 62 302 63 301 63 301
3 56 296 53 299 53 299
3 53 299 48 300 48 300
3 48 300 47 305 47 305
3 44 299 48 300 48 300
3 44 299 43 295 43 295
3 53 306 55 308 55 308
3 55 308 66 308 66 308
3 57 311 60 312 60 312
3 60 312 63 311 63 311
3 63 290 64 293 64 293
3 64 293 67 298 67 298
3 67 298 73 299 73 299
3 73 299 77 295 77 295
3 77 295 77 291 77 291
3 77 291 79 291 79 291
3 79 291 79 298 79 298
3 79 298 76 302 76 302
3 76 302 75 308 75 308
3 78 271 69 255 69 255
3 69 255 63 248 63 248
3 63 248 61 248 61 248
3 61 248 59 251 59 251
3 59 251 56 251 56 251
3 56 251 54 250 54 250
3 54 250 48 250 48 250
3 48 250 42 251 42 251
3 42 251 39 254 39 254
3 39 254 36 257 36 257
3 36 257 34 261 34 261
3 34 261 34 281 34 281
3 72 307 69 313 69 313
3 51 293 48 293 48 293
3 51 293 51 291 51 291
3 74 267 58 269 58 269
3 34 274 58 269 58 269
3 59 251 57 255 57 255
3 213 387 227 370 227 370
3 118 387 131 378 131 378
3 131 378 139 370 139 370
3 139 370 154 349 154 349
3 154 349 166 329 166 329
3 166 329 171 323 171 323
3 171 323 182 314 182 314
3 182 314 197 305 197 305
3 197 305 213 300 213 300
3 213 300 219 299 219 299
3 299 349 281 349 281 349
3 299 292 287 296 287 296
3 287 296 274 299 274 299
3 220 297 222 286 222 286
3 222 286 229 272 229 272
3 229 272 236 265 236 265
3 236 265 245 261 245 261
3 245 261 253 261 253 261
3 253 261 261 264 261 264
3 261 264 271 278 271 278
3 271 278 273 287 273 287
3 273 287 272 298 272 298
3 272 298 274 302 274 302
3 274 302 275 309 275 309
3 220 302 221 309 221 309
3 224 314 222 325 222 325
3 222 325 215 330 215 330
3 215 330 212 336 212 336
3 278 314 279 330 279 330
3 267 290 269 294 266 294
3 269 296 271 301 271 301
3 271 301 269 310 269 310
3 269 310 265 316 265 316
3 269 310 267 319 267 319
3 267 319 256 331 256 331
3 256 331 249 331 249 331
3 249 331 236 319 236 319
3 238 330 221 345 221 345
3 262 328 275 344 275 344
3 247 319 259 319 259 319
3 259 319 254 322 254 322
3 254 322 249 320 249 320
3 251 313 255 315 255 315
3 255 315 258 313 258 313
3 225 302 230 309 224 305
3 238 320 238 315 238 315
3 238 315 232 303 232 303
3 232 303 233 299 233 299
3 233 299 238 299 238 299
3 238 299 240 294 240 294
3 240 294 242 296 242 296
3 242 296 246 296 246 296
3 246 296 249 282 249 282
3 249 282 255 283 255 283
3 255 283 252 284 252 284
3 252 284 250 294 250 294
3 250 294 269 296 269 296
3 220 297 221 306 221 306
3 223 311 223 319 223 319
3 238 330 247 338 247 338
3 247 338 252 338 252 338
3 252 338 262 328 262 328
3 238 330 237 319 237 319
3 263 328 264 323 264 323
3 242 319 236 312 236 312
3 244 301 244 300 244 300
3 262 300 262 299 262 299
3 252 300 243 295 243 295
3 258 299 262 295 262 295
3 251 299 244 299 244 299
3 244 299 239 300 239 300
3 243 303 240 300 240 300
3 262 298 257 300 257 300
3 267 299 262 298 262 298
3 263 303 267 299 267 299
3 253 307 250 313 250 313
3 257 307 259 312 259 312
3 234 337 248 350 248 350
3 248 350 264 335 264 335
3 273 320 275 330 272 327